F
[1], [0], [0], [0], [1], [0], [0], [0], [1], [0], [0], [0], [1], [0], [0], [0], [1], [0], [0], [0], [1], [0], [0], [0], [1], [0], [0], [0], [1], [0], [0], [0], [1], [0], [0], [0], [1], [0], [0], [0], [1], [0], [0], [0], [1], [0], [0], [0], [1], [0], [0], [0], [1], [0], [0], [0], [1], [0], [0], [0], [1], [0], [0], [0], [1], [0], [0], [0], [1], [0], [0], [0], [1], [0], [0], [0], [1], [0], [0], [0], [1], [0], [0], [0], [1], [0], [0], [0], [1], [0], [0], [0], [1], [0], [0], [0], [1], [0], [0], [0], [1], [0], [0], [0], [1], [1], [0],

NF
[1], [0], [1], [1], [1], [0], [1], [1], [1], [0], [1], [1], [1], [0], [1], [1], [1], [0], [1], [1], [1], [0], [1], [1], [1], [0], [1], [1], [1], [0], [1], [1], [1], [0], [1], [1], [1], [0], [1], [1], [1], [0], [1], [1], [1], [0], [1], [1], [1], [0], [1], [1], [1], [1], [1], [0], [0], [1], [0], [1], [1], [0], [0], [0], [1], [0], [0], [0], [0], [0], [1], [1], [1], [0], [1], [0], [1], [0], [1], [1], [0], [1], [0], [1], [0], [0], [0], [1], [0], [0], [0], [1], [0], [0], [1], [0], [1], [0], [1], [1], [1], [0], [1], [0], [0], [0],

F
[0], [0], [1], [0], [1], [1], [1], [1], [0], [0], [0], [0], [0], [0], [1], [0], [0], [1], [1], [0], [0], [1], [0], [0], [1], [0], [1], [1], [1], [0], [1], [1], [1], [0], [1], [1], [0], [1], [0], [1], [0], [0], [0], [0], [0], [0], [0], [1], [1], [0], [0], [1], [1], [1], [0], [1], [1], [1], [1], [0], [1], [0], [1], [0], [1], [0], [0], [1], [1], [1], [0], [1], [1], [1], [1], [1], [0], [0], [0], [1], [0], [1], [0], [1], [0], [1], [0], [1], [0], [0], [0], [0], [0], [0], [1], [0], [0], [1], [1], [1], [0], [1], [1], [1], [0], [0], [1], [1], [0], [0], [1], [1],

NF
[0], [1], [1], [0], [1], [0], [1], [0], [1], [1], [1], [1], [0], [0], [0], [1], [1], [1], [0], [0], [0], [1], [0], [0], [0], [1], [0], [0], [1], [1], [0], [1], [0], [1], [0], [0], [1], [1], [0], [0], [0], [1], [1], [1], [1], [1], [0], [1], [0], [1], [1], [0], [1], [0], [1], [0], [1], [1], [1], [0], [1], [1], [1], [1], [1], [0], [0], [0], [0], [0], [1], [0], [0], [0], [0], [1], [0], [0], [1], [1], [0], [0], [1], [1], [1], [1], [0], [1], [1], [0], [0], [0], [1], [1], [0], [1], [0], [1], [0], [0], [1], [1], [0], [0], [0], [1], [1], [0], [1], [1], [0], [1], [0], [1], [0], [0], [1], [1],

F
[1], [1], [1], [0], [0], [0], [0], [1], [0], [0], [1], [0], [1], [1], [0], [0], [0], [1], [0], [1], [0], [1], [0], [1], [0], [1], [0], [0], [0], [0], [0], [0], [1], [0], [0], [1], [1], [0], [1], [1], [1], [0], [0], [0], [1], [0], [0], [0], [0], [1], [1], [0], [0], [1], [0], [1], [1], [1], [0], [0], [1], [0], [1], [1], [1], [1], [0], [0], [0], [0], [0], [0], [1], [0], [0], [1], [1], [1], [0], [0], [0], [0], [0], [1], [1], [1], [0], [1], [1], [1], [0], [0], [1], [0], [1], [1], [0], [0], [1], [1], [0], [1], [0], [1], [0], [0], [1], [1], [1], [1], [0], [1], [0], [0], [0], [0], [1], [1],

NF
[1], [1], [0], [1], [0], [1], [0], [1], [0], [1], [0], [1], [0], [1], [1], [0], [1], [0], [0], [0], [1], [1], [0], [0], [1], [1], [0], [0], [0], [1], [1], [0], [1], [1], [1], [0], [1], [0], [1], [1], [1], [1], [0], [1], [0], [1], [1], [0], [1], [0], [1], [0], [1], [1], [1], [1], [1], [1], [0], [1], [1], [0], [0], [0], [1], [1], [0], [1], [0], [1], [0], [1], [1], [1], [1], [0], [0], [1], [1], [0], [1], [0], [1], [0], [1], [1], [1], [1], [1], [1], [1], [0], [0], [1], [1], [0], [1], [0], [0], [0], [1], [1], [0], [1], [0], [0], [0], [1], [1], [1], [0], [0], [0], [1],

?
[1], [0], [1], [1]

F
[1], [1], [0], [1], [0], [1], [0], [0], [0], [0], [1], [1], [0], [0], [1], [1], [0], [1], [1], [1], [0], [1], [1], [1], [1], [0], [1], [1], [0], [0], [1], [1], [0], [0], [0], [1], [0], [0], [1], [0], [1], [1], [1], [0], [1], [1], [1], [0], [1], [0], [1], [0], [0], [1], [0], [0], [1], [1], [0], [1], [0], [1], [0], [0], [0], [1], [0], [0], [1], [0], [1], [0], [1], [1], [0], [1], [1], [1], [0], [0], [1], [1], [0], [0], [0], [1], [0], [1], [0], [1], [1], [0], [1], [1], [1], [0], [1], [1], [1], [1], [0], [1], [1], [1], [1], [0], [0], [0], [0], [1], [1], [0], [0], [1],

?
[1], [1], [0], [0], [1], [0]

NF
[1], [0], [1], [1], [0], [0], [0], [1], [1], [0], [1], [1], [0], [1], [0], [1], [0], [0], [0], [1], [0], [0], [0], [1], [0], [1], [0], [0], [0], [0], [1], [1], [1], [0], [0], [0], [1], [0], [0], [0], [0], [0], [1], [1], [1], [0], [1], [0], [1], [0], [1], [0], [1], [0], [1], [1], [1], [0], [1], [0], [0], [0], [1], [1], [0], [1], [0], [0], [1], [1], [0], [0], [1], [0], [1], [0], [1], [0], [0], [0], [1], [0], [1], [0], [0], [0], [1], [1], [0], [1], [1], [1], [1], [0], [0], [1], [1], [1], [1], [0], [1], [1], [0], [1], [0], [1], [0], [0], [1], [1], [0], [0], [1], [0], [1], [1], [0], [0],

F
[1], [0], [1], [1], [0], [1], [0], [1], [0], [0], [0], [0], [0], [1], [0], [0], [1], [0], [1], [1], [0], [0], [1], [1], [1], [0], [0], [1], [0], [1], [0], [1], [0], [0], [0], [0], [1], [0], [1], [0], [1], [0], [0], [0], [1], [1], [1], [0], [0], [0], [1], [1], [1], [1], [1], [1], [0], [1], [0], [1], [1], [1], [0], [1], [1], [1], [1], [1], [0], [0], [0], [1], [0], [1], [0], [1], [0], [0], [1], [0], [1], [0], [1], [1], [0], [1], [0], [1], [0], [0], [0], [1], [0], [0], [1], [0], [1], [0], [1], [1], [0], [0], [1], [1], [1], [0], [0], [1], [0], [1], [0], [1], [0], [0], [0],

NF
[1], [1], [1], [1], [1], [1], [1], [1], [0], [0], [0], [1], [0], [0], [0], [0], [1], [0], [1], [0], [1], [0], [1], [1], [0], [0], [0], [1], [0], [0], [0], [0], [0], [1], [1], [1], [0], [1], [0], [1], [0], [1], [1], [0], [1], [0], [1], [0], [0], [1], [0], [1], [0], [1], [1], [1], [0], [0], [1], [0], [0], [0], [1], [0], [1], [0], [0], [0], [1], [1], [1], [0], [0], [1], [0], [1], [1], [0], [0], [0], [1], [0], [0], [1], [1], [0], [0], [1], [1], [0], [0], [0], [1], [1], [1], [0], [0], [1], [0], [1], [0], [1], [1], [1], [1], [0], [0], [0], [1], [1], [1], [0], [1], [0], [1], [0], [1], [0], [1], [1], [0],

F
[0], [1], [1], [1], [0], [0], [1], [0], [0], [0], [0], [0], [0], [0], [1], [0], [0], [1], [0], [0], [1], [0], [1], [0], [1], [0], [0], [1], [0], [0], [1], [0], [1], [1], [1], [0], [0], [0], [1], [1], [1], [0], [1], [1], [1], [0], [1], [1], [0], [1], [0], [1], [0], [0], [0], [1], [0], [0], [1], [0], [1], [0], [1], [1], [0], [0], [0], [1], [0], [1], [0], [0], [1], [1], [1], [0], [0], [0], [1], [1], [0], [0], [1], [1], [1], [0], [0], [0], [0], [0], [1], [0], [1], [0], [0], [1], [0], [1], [0], [1], [0], [0], [0], [0], [0], [0], [1], [0], [0], [1], [1], [1], [0], [0], [1], [0], [1], [0], [1], [1], [0],

NF
[1], [1], [0], [0], [1], [1], [0], [1], [0], [1], [0], [1], [1], [1], [1], [1], [1], [1], [0], [0], [1], [1], [0], [1], [0], [0], [0], [1], [1], [0], [1], [0], [0], [0], [1], [1], [1], [0], [0], [0], [1], [0], [0], [0], [1], [0], [0], [1], [0], [1], [0], [1], [1], [1], [0], [1], [0], [1], [0], [0], [0], [1], [0], [0], [0], [1], [0], [0], [0], [0], [1], [0], [1], [0], [1], [0], [1], [1], [1], [1], [0], [1], [1], [0], [1], [0], [1], [0], [0], [0], [0], [1], [1], [1], [0], [1], [1], [0], [0], [0], [1], [1], [1], [1], [0], [1], [1], [0], [1], [0], [1], [0], [0], [0], [1], [1], [1], [0],

F
[0], [0], [1], [0], [0], [1], [1], [0], [1], [0], [1], [0], [1], [0], [0], [0], [0], [1], [0], [1], [0], [0], [0], [1], [1], [0], [0], [1], [1], [1], [0], [0], [1], [0], [1], [0], [1], [1], [1], [0], [0], [0], [1], [0], [0], [1], [1], [0], [0], [1], [1], [0], [1], [1], [0], [1], [0], [0], [0], [1], [1], [0], [0], [0], [1], [1], [0], [0], [0], [0], [1], [1], [1], [1], [0], [1], [1], [1], [0], [0], [1], [0], [1], [1], [0], [1], [0], [0], [1], [0], [0], [1], [1], [0], [0], [1], [1], [1], [0], [1], [0], [1], [1], [0], [0], [1], [0], [0], [1], [0], [0], [1], [0], [0], [1], [1], [0], [1], [1],

NF
[1], [1], [1], [0], [0], [0], [0], [1], [1], [0], [1], [0], [0], [1], [1], [0], [0], [0], [1], [1], [1], [1], [0], [1], [0], [0], [0], [0], [0], [1], [0], [1], [1], [0], [0], [0], [1], [1], [0], [1], [0], [0], [1], [1], [0], [0], [1], [0], [0], [1], [1], [1], [1], [0], [0], [0], [0], [1], [1], [0], [1], [1], [0], [1], [0], [1], [1], [0], [0], [1], [1], [1], [0], [1], [1], [0], [0], [1], [1], [1], [1], [0], [1], [1], [0], [0], [0], [1], [0], [1], [1], [0], [1], [0], [0], [0], [1], [1], [1], [1], [1], [0], [1], [0], [1], [1], [1], [1], [1], [1], [1], [0], [0], [0], [1], [1], [0],

F
[1], [0], [1], [1], [1], [0], [1], [0], [0], [1], [1], [0], [0], [0], [1], [0], [1], [1], [0], [0], [0], [1], [0], [1], [1], [1], [1], [1], [1], [1], [1], [0], [0], [0], [1], [1], [1], [0], [1], [0], [1], [1], [0], [0], [1], [1], [1], [1], [1], [1], [1], [1], [1], [0], [1], [0], [0], [1], [1], [1], [1], [0], [1], [0], [1], [0], [1], [0], [0], [1], [1], [1], [0], [0], [0], [1], [1], [0], [0], [0], [0], [0], [0], [1], [0], [1], [1], [0], [1], [0], [1], [1], [1], [1], [0], [0], [0], [0], [1], [0], [1], [1], [0], [1], [1], [0], [0], [1], [0], [0], [1], [0], [0], [0], [1], [1], [1], [0], [0],

NF
[1], [1], [1], [1], [1], [1], [0], [0], [1], [1], [0], [0], [1], [1], [0], [0], [0], [0], [0], [1], [1], [0], [1], [1], [1], [1], [1], [1], [1], [0], [0], [1], [0], [0], [1], [0], [0], [0], [1], [1], [1], [1], [0], [0], [0], [0], [1], [1], [1], [0], [1], [0], [0], [0], [0], [0], [0], [0], [0], [1], [1], [0], [0], [1], [0], [0], [1], [0], [1], [1], [0], [0], [0], [1], [1], [0], [0], [0], [0], [1], [1], [1], [1], [0], [1], [1], [0], [0], [0], [1], [1], [0], [0], [0], [1], [0], [0], [0], [1], [1], [1], [0], [0], [1], [0], [0], [0], [1], [1], [1], [0], [1], [0], [1], [1], [1], [0], [0], [0],

F
[1], [0], [1], [1], [0], [1], [0], [1], [1], [0], [1], [1], [0], [1], [1], [1], [1], [0], [1], [1], [0], [1], [1], [0], [1], [0], [0], [0], [0], [0], [1], [0], [1], [1], [0], [0], [1], [1], [1], [1], [0], [0], [1], [0], [0], [0], [0], [1], [0], [0], [1], [1], [1], [1], [1], [0], [0], [1], [1], [1], [1], [0], [1], [1], [1], [1], [1], [0], [0], [0], [1], [1], [0], [0], [1], [0], [1], [0], [0], [0], [0], [1], [0], [1], [0], [0], [1], [0], [1], [1], [0], [1], [0], [0], [1], [1], [0], [0], [1], [1], [1], [1], [0], [0], [0], [0], [0], [1], [1], [1], [1], [1], [0], [0], [0], [1],

NF
[1], [1], [0], [0], [1], [0], [1], [1], [0], [0], [0], [1], [1], [0], [0], [0], [1], [0], [1], [0], [0], [0], [1], [1], [1], [1], [0], [1], [0], [0], [1], [1], [0], [0], [0], [0], [0], [0], [0], [0], [1], [0], [1], [1], [1], [0], [1], [1], [0], [0], [0], [1], [1], [1], [1], [0], [1], [0]]
